-0.635115  0.608951  0.131705  0.187899 -0.185228  0.194948 -0.152506 -0.168361 -0.188571  0.117847
 0.712213  0.223577  0.180217  0.263579 -0.259832  0.273467 -0.213931 -0.236171 -0.264521  0.165312
-0.0821406  -0.202771  -0.884985   0.169143  -0.166765   0.175516  -0.137304  -0.151579  -0.169774     0.1061
-0.117464 -0.299742  0.166996 -0.754367 -0.249579  0.254821 -0.199345 -0.220069 -0.246486  0.154041
-0.117489 -0.299804  0.167007  0.238622  0.757806  0.254874 -0.199386 -0.220114 -0.246537  0.154073
-0.124517  -0.31774  0.176998  0.260355 -0.256654 -0.729711 -0.192545 -0.232702 -0.261286   0.16329
-0.102293 -0.261029  0.145407  0.213887 -0.210846  0.240158  0.822636 -0.103733 -0.214651  0.134146
-0.0973014  -0.248291   0.138311   0.203449  -0.200557   0.210077  -0.249775   0.813834  -0.204176     0.1276
-0.118713 -0.302928  0.168747  0.248219  -0.24469   0.25753 -0.201464 -0.222408  0.750894   0.15568
-0.0741897  -0.189315   0.105459   0.155124  -0.152919   0.160944  -0.125905  -0.138994  -0.155677  -0.902709
